v 5.882530 -0.396131 22.707363
v 12.985606 -0.396131 22.707363
v 5.882530 3.340391 22.707363
v 12.985606 3.340391 22.707363
v 5.882530 3.340391 13.536846
v 12.985606 3.340391 13.536846
v 5.882530 -0.396131 13.536846
v 12.985606 -0.396131 13.536846
|
v 4.932591 -0.437689 13.719227
v 11.792646 -0.437689 13.719227
v 4.932591 3.298833 13.719227
v 11.792646 3.298833 13.719227
v 4.932591 3.298833 4.548710
v 11.792646 3.298833 4.548710
v 4.932591 -0.437689 4.548710
v 11.792646 -0.437689 4.548710
|
v 4.258435 -0.437689 4.526966
v 10.027130 -0.437689 4.526966
v 4.258435 3.298833 4.526966
v 10.027130 3.298833 4.526966
v 4.258435 3.298833 -4.643551
v 10.027130 3.298833 -4.643551
v 4.258435 -0.437689 -4.643551
v 10.027130 -0.437689 -4.643551
|
v -6.018350 -1.068088 4.526966
v 4.413307 -1.068088 4.526966
v -6.018350 2.668434 4.526966
v 4.413307 2.668434 4.526966
v -6.018350 2.668434 -4.643551
v 4.413307 2.668434 -4.643551
v -6.018350 -1.068088 -4.643551
v 4.413307 -1.068088 -4.643551
|
v -8.385139 -1.068088 13.719227
v 2.046518 -1.068088 13.719227
v -8.385139 2.668434 13.719227
v 2.046518 2.668434 13.719227
v -8.385139 2.668434 4.548710
v 2.046518 2.668434 4.548710
v -8.385139 -1.068088 4.548710
v 2.046518 -1.068088 4.548710
|
v -10.110200 -1.026530 22.707363
v 0.321457 -1.026530 22.707363
v -10.110200 2.709992 22.707363
v 0.321457 2.709992 22.707363
v -10.110200 2.709992 13.536846
v 0.321457 2.709992 13.536846
v -10.110200 -1.026530 13.536846
v 0.321457 -1.026530 13.536846
|
v -0.618537 -0.475411 22.188323
v 5.456941 -0.475411 22.188323
v -0.618537 5.121789 22.188323
v 5.456941 5.121789 22.188323
v -0.618537 5.121789 -5.484866
v 5.456941 5.121789 -5.484866
v -0.618537 -0.475411 -5.484866
v 5.456941 -0.475411 -5.484866
|
v -1.372146 -1.068088 -13.142950
v 5.982387 -1.068088 -13.142950
v -1.372146 4.307875 -13.142950
v 5.982387 4.307875 -13.142950
v -1.372146 4.307875 -22.313467
v 5.982387 4.307875 -22.313467
v -1.372146 -1.068088 -22.313467
v 5.982387 -1.068088 -22.313467
|
v -4.222196 -1.068088 -3.976426
v 8.135059 -1.068088 -3.976426
v -4.222196 4.232329 -3.976426
v 8.135059 4.232329 -3.976426
v -4.222196 4.232329 -13.146943
v 8.135059 4.232329 -13.146943
v -4.222196 -1.068088 -13.146943
v 8.135059 -1.068088 -13.146943
|
v 0.791276 -0.475411 -21.380587
v 4.571010 -0.475411 -21.380587
v 0.791276 2.833118 -21.380587
v 4.571010 2.833118 -21.380587
v 0.791276 2.833118 -30.551104
v 4.571010 2.833118 -30.551104
v 0.791276 -0.475411 -30.551104
v 4.571010 -0.475411 -30.551104
|
v -9.995085 -0.027425 34.454132
v -5.714721 -0.027425 34.454132
v -9.995085 4.177504 34.454132
v -5.714721 4.177504 34.454132
v -9.995085 4.177504 29.970072
v -5.714721 4.177504 29.970072
v -9.995085 -0.027425 29.970072
v -5.714721 -0.027425 29.970072
|
v 7.951797 -0.027425 34.454132
v 12.232160 -0.027425 34.454132
v 7.951797 4.177504 34.454132
v 12.232160 4.177504 34.454132
v 7.951797 4.177504 29.970072
v 12.232160 4.177504 29.970072
v 7.951797 -0.027425 29.970072
v 12.232160 -0.027425 29.970072
|
v -11.611286 -0.475411 30.502528
v 14.868862 -0.475411 30.502528
v -11.611286 5.121789 30.502528
v 14.868862 5.121789 30.502528
v -11.611286 5.121789 22.232306
v 14.868862 5.121789 22.232306
v -11.611286 -0.475411 22.232306
v 14.868862 -0.475411 22.232306
