v -2.018287 -0.034477 7.072357
v -0.818790 -0.034477 7.072357
v -2.018287 1.453065 7.072357
v -0.818790 1.453065 7.072357
v -2.018287 1.453065 -3.697054
v -0.818790 1.453065 -3.697054
v -2.018287 -0.034477 -3.697054
v -0.818790 -0.034477 -3.697054
|
v -0.814843 -0.049137 5.782719
v 0.644921 -0.049137 5.782719
v -0.814843 1.471078 5.782719
v 0.644921 1.471078 5.782719
v -0.814843 1.471078 -3.697054
v 0.644921 1.471078 -3.697054
v -0.814843 -0.049137 -3.697054
v 0.644921 -0.049137 -3.697054
|
v 0.629460 -0.017233 7.072357
v 1.828957 -0.017233 7.072357
v 0.629460 1.455086 7.072357
v 1.828957 1.455086 7.072357
v 0.629460 1.455086 -3.697054
v 1.828957 1.455086 -3.697054
v 0.629460 -0.017233 -3.697054
v 1.828957 -0.017233 -3.697054
