v 1.189837 0.001115 1.232589
v 1.700080 0.001115 1.232589
v 1.189837 0.480632 1.232589
v 1.700080 0.480632 1.232589
v 1.189837 0.480632 0.333050
v 1.700080 0.480632 0.333050
v 1.189837 0.001115 0.333050
v 1.700080 0.001115 0.333050
|
v 1.625056 -0.123950 3.421150
v 2.412264 -0.123950 3.421150
v 1.625056 0.617251 3.421150
v 2.412264 0.617251 3.421150
v 1.625056 0.617251 -2.722489
v 2.412264 0.517495 -2.722489
v 1.625056 -0.123950 -2.722489
v 2.412264 -0.123950 -2.722489
|
v -1.187246 -0.105250 4.056686
v 1.258626 -0.105250 4.056686
v -1.187246 1.018303 4.056686
v 1.258626 1.018303 4.056686
v -1.187246 1.018303 -0.958700
v 1.258626 1.018303 -0.958700
v -1.187246 -0.105250 -0.958700
v 1.258626 -0.105250 -0.958700
|
v -1.187246 -0.114903 -0.930492
v 1.258626 -0.114903 -0.930492
v -1.187246 0.801328 -0.930492
v 1.258626 0.801328 -0.930492
v -1.187246 0.801328 -3.683756
v 1.258626 0.801328 -3.683756
v -1.187246 -0.114903 -3.683756
v 1.258626 -0.114903 -3.683756
|
v -2.366263 -0.194176 3.505595
v -1.579054 -0.194176 3.505595
v -2.366263 0.601232 3.505595
v -1.579054 0.601232 3.505595
v -2.366263 0.601232 -2.722489
v -1.579054 0.601232 -2.722489
v -2.366263 -0.194176 -2.722489
v -1.579054 -0.194176 -2.722489
|
v -1.643576 0.001115 1.232589
v -1.133333 0.001115 1.232589
v -1.643576 0.480632 1.232589
v -1.133333 0.480632 1.232589
v -1.643576 0.480632 0.333050
v -1.133333 0.480632 0.333050
v -1.643576 0.001115 0.333050
v -1.133333 0.001115 0.333050
