v -7.935176 -3.057978 -19.022684
v 8.067498 -3.057978 -19.022684
v -7.935176 3.417122 -19.022684
v 8.067498 3.417122 -19.022684
v -7.935176 3.417122 -29.679873
v 8.067498 3.417122 -29.679873
v -7.935176 -3.057978 -29.679873
v 8.067498 -3.057978 -29.679873
|
v -2.044428 3.346530 13.496978
v 2.321349 3.346530 13.496978
v -2.044428 6.174957 13.496978
v 2.321349 6.174957 13.496978
v -2.044428 6.174957 -29.294628
v 2.321349 6.174957 -29.294628
v -2.044428 3.346530 -29.294628
v 2.321349 3.346530 -29.294628
|
v -1.681189 -3.180413 16.345608
v 8.393249 -3.180413 16.345608
v -1.681189 3.378289 16.345608
v 8.393249 3.378289 16.345608
v -1.681189 3.378289 -18.924076
v 8.393249 3.378289 -18.924076
v -1.681189 -3.180413 -18.924076
v 8.393249 -3.180413 -18.924076
|
v -8.042427 -3.052186 27.872919
v 8.319348 -3.052186 27.872919
v -8.042427 5.753510 27.872919
v 8.319348 5.753510 27.872919
v -8.042427 5.753510 13.519790
v 8.319348 5.753510 13.519790
v -8.042427 -3.052186 13.519790
v 8.319348 -3.052186 13.519790
|
v -7.901491 -3.180413 38.441383
v 8.785930 -3.180413 38.441383
v -7.901491 5.915423 38.441383
v 8.785930 5.915423 38.441383
v -7.901491 5.915423 24.088251
v 8.785930 5.915423 24.088251
v -7.901491 -3.180413 24.088251
v 8.785930 -3.180413 24.088251
|
v -8.040266 -3.180413 16.345608
v -1.501013 -3.180413 16.345608
v -8.040266 3.378289 16.345608
v -1.501013 3.378289 16.345608
v -8.040266 3.378289 -18.924076
v -1.501013 3.378289 -18.924076
v -8.040266 -3.180413 -18.924076
v -1.501013 -3.180413 -18.924076

