v 0.393941 -0.006419 2.599610
v 1.344563 -0.006419 2.599610
v 0.393941 1.267691 2.599610
v 1.344563 1.267691 2.599610
v 0.393941 1.267691 1.626003
v 1.344563 1.267691 1.626003
v 0.393941 -0.006419 1.626003
v 1.344563 -0.006419 1.626003
|
v 0.650758 0.494397 3.570958
v 1.153186 0.494397 3.570958
v 0.650758 0.010448 3.570958
v 1.153186 0.010448 3.570958
v 0.650758 0.010448 2.597351
v 1.153186 0.010448 2.597351
v 0.650758 0.494397 2.597351
v 1.153186 0.494397 2.597351
|
v -0.541321 -0.045270 2.805840
v 0.464706 -0.045270 2.805840
v -0.541321 1.267691 2.805840
v 0.464706 1.267691 2.805840
v -0.541321 1.267691 2.188528
v 0.464706 1.267691 2.188528
v -0.541321 -0.045270 2.188528
v 0.464706 -0.045270 2.188528
|
v -1.202413 0.494397 3.570958
v -0.699986 0.494397 3.570958
v -1.202413 0.010448 3.570958
v -0.699986 0.010448 3.570958
v -1.202413 0.010448 2.597351
v -0.699986 0.010448 2.597351
v -1.202413 0.494397 2.597351
v -0.699986 0.494397 2.597351
|
v -1.353192 -0.006419 2.599610
v -0.402570 -0.006419 2.599610
v -1.353192 1.267691 2.599610
v -0.402570 1.267691 2.599610
v -1.353192 1.267691 1.626003
v -0.402570 1.267691 1.626003
v -1.353192 -0.006419 1.626003
v -0.402570 -0.006419 1.626003
|
v 1.779028 -0.373161 0.969733
v 2.838984 -0.373161 0.969733
v 1.779028 2.511316 0.969733
v 2.838984 2.511316 0.969733
v 1.779028 2.511316 -0.087366
v 2.838984 2.511316 -0.087366
v 1.779028 -0.373161 -0.087366
v 2.838984 -0.373161 -0.087366
|
v 1.275078 0.194934 0.718345
v 1.925240 0.194934 0.718345
v 1.275078 1.066339 0.718345
v 1.925240 1.066339 0.718345
v 1.275078 1.066339 0.094881
v 1.925240 1.066339 0.094881
v 1.275078 0.194934 0.094881
v 1.925240 0.194934 0.094881
|
v -1.829008 0.194934 0.718345
v -1.178847 0.194934 0.718345
v -1.829008 1.066339 0.718345
v -1.178847 1.066339 0.718345
v -1.829008 1.066339 0.094881
v -1.178847 1.066339 0.094881
v -1.829008 0.194934 0.094881
v -1.178847 0.194934 0.094881
|
v -1.358349 -0.021736 1.633551
v 1.347990 -0.021736 1.633551
v -1.358349 1.283009 1.633551
v 1.347990 1.283009 1.633551
v -1.358349 1.283009 -1.493520
v 1.347990 1.283009 -1.493520
v -1.358349 -0.021736 -1.493520
v 1.347990 -0.021736 -1.493520
|
v -2.737728 -0.373161 0.969733
v -1.677773 -0.373161 0.969733
v -2.737728 2.511316 0.969733
v -1.677773 2.511316 0.969733
v -2.737728 2.511316 -0.087366
v -1.677773 2.511316 -0.087366
v -2.737728 -0.373161 -0.087366
v -1.677773 -0.373161 -0.087366
