v -0.521135 0.015068 -2.616471
v 0.572656 0.015068 -2.616471
v -0.521135 1.082454 -2.616471
v 0.572656 1.082454 -2.616471
v -0.521135 1.082454 -2.991036
v 0.572656 1.082454 -2.991036
v -0.521135 0.015068 -2.991036
v 0.572656 0.015068 -2.991036
|
v -1.194575 -0.095954 -1.770906
v -0.197314 -0.095954 -1.770906
v -1.194575 1.291428 -1.770906
v -0.197314 1.291428 -1.770906
v -1.194575 1.291428 -2.650216
v -0.197314 1.291428 -2.650216
v -1.194575 -0.095954 -2.650216
v -0.197314 -0.095954 -2.650216
|
v 0.208018 -0.095954 -1.770906
v 1.205280 -0.095954 -1.770906
v 0.208018 1.291428 -1.770906
v 1.205280 1.291428 -1.770906
v 0.208018 1.291428 -2.650216
v 1.205280 1.291428 -2.650216
v 0.208018 -0.095954 -2.650216
v 1.205280 -0.095954 -2.650216
|
v -1.205299 -0.069947 1.601501
v 1.241747 -0.069947 1.601501
v -1.205299 1.265421 1.601501
v 1.241747 1.265421 1.601501
v -1.205299 1.265421 -1.791578
v 1.241747 1.265421 -1.791578
v -1.205299 -0.069947 -1.791578
v 1.241747 -0.069947 -1.791578
|
v 1.514775 0.302659 0.851461
v 2.165284 0.302659 0.851461
v 1.514775 0.916742 0.851461
v 2.165284 0.916742 0.851461
v 1.514775 0.916742 -3.880620
v 2.165284 0.916742 -3.880620
v 1.514775 0.302659 -3.880620
v 2.165284 0.302659 -3.880620
|
v -2.075241 0.302659 0.851461
v -1.424732 0.302659 0.851461
v -2.075241 0.916742 0.851461
v -1.424732 0.916742 0.851461
v -2.075241 0.916742 -3.880620
v -1.424732 0.916742 -3.880620
v -2.075241 0.302659 -3.880620
v -1.424732 0.302659 -3.880620
|
v -1.510986 0.368853 -0.139315
v -1.023880 0.368853 -0.139315
v -1.510986 0.826621 -0.139315
v -1.023880 0.826621 -0.139315
v -1.510986 0.826621 -0.603834
v -1.023880 0.826621 -0.603834
v -1.510986 0.368853 -0.603834
v -1.023880 0.368853 -0.603834
|
v 1.112870 0.368853 -0.139315
v 1.599976 0.368853 -0.139315
v 1.112870 0.826621 -0.139315
v 1.599976 0.826621 -0.139315
v 1.112870 0.826621 -0.603834
v 1.599976 0.826621 -0.603834
v 1.112870 0.368853 -0.603834
v 1.599976 0.368853 -0.603834
